LR0
[[4672  148]
 [ 168 5287]]
LR1
[[6817   84]
 [  74 3300]]
LR2
[[9498   33]
 [  67  677]]
LR3
[[9582   42]
 [  34  617]]


KNN0
[[4821   21]
 [  45 5388]]
KNN1
[[6834   57]
 [  13 3371]]
KNN2
[[9571   13]
 [  11  680]]
KNN3
[[9553   10]
 [  16  696]]


MLP0
[[4693  118]
 [ 141 5323]]
MLP1
[[6799  126]
 [ 137 3213]]
MLP2
[[9539   29]
 [  30  677]]
MLP3
[[9560   26]
 [  24  665]]


voting0
[[4835   27]
 [  46 5367]]
voting1
[[6733   32]
 [  18 3492]]
voting2
[[9590    6]
 [   9  670]]
voting3
[[9650   10]
 [  14  601]]


Neural Network
[[4525  290]
 [  49 5411]]
[[6838   74]
 [ 201 3162]]
[[9506   58]
 [  39  672]]
[[9534   59]
 [  28  654]]